{
 "cells": [
  {
   "cell_type": "markdown",
   "metadata": {},
   "source": [
    "### Problem Statement"
   ]
  },
  {
   "cell_type": "code",
   "execution_count": 1,
   "metadata": {},
   "outputs": [],
   "source": [
    "import tests.custom_tests as tests\n",
    "\n",
    "N, values, weights, W_capacity = tests.medium_test()"
   ]
  },
  {
   "cell_type": "markdown",
   "metadata": {},
   "source": [
    "### DMRG"
   ]
  },
  {
   "cell_type": "code",
   "execution_count": 2,
   "metadata": {},
   "outputs": [
    {
     "name": "stdout",
     "output_type": "stream",
     "text": [
      " ---- s= 0  ----\n",
      "Solution energy = -3.9999999999999973 + 312.9244999999996 (offset) = 308.9244999999996\n",
      "---------------------------------------------------\n",
      "20\n",
      "[[ 1.89827475e-16  1.00000000e+00  2.58770667e-16 -3.43150215e-16]\n",
      " [ 6.51643011e-09 -5.10897262e-25  9.97945105e-10 -1.28767110e-09]\n",
      " [ 4.37121331e-11  3.97774818e-26 -1.07107259e-10  1.38202911e-10]\n",
      " [ 1.97574096e-19  8.77972259e-27  4.38836657e-11  3.40098419e-11]]\n",
      "[[1.]]\n",
      "psi_mpo:  [ 2.02212374e-11  8.30837234e-12  6.24606287e-12  2.11353481e-11\n",
      " -2.00000000e+00 -2.00000000e+00 -2.00000000e+00 -2.00000000e+00\n",
      "  2.13211911e-09  1.85002869e-09  1.95784645e-09  2.08432930e-09\n",
      "  1.49234457e-09  1.33733927e-09  1.41579154e-09  1.45757091e-09]\n",
      "overlap:  0.9999999999999993\n",
      "---------------------------------------------------\n",
      "20\n",
      "[[ 1.89827475e-16  1.00000000e+00  2.58770667e-16 -3.43150215e-16]\n",
      " [ 6.51643011e-09 -5.10897262e-25  9.97945105e-10 -1.28767110e-09]\n",
      " [ 4.37121331e-11  3.97774818e-26 -1.07107259e-10  1.38202911e-10]\n",
      " [ 1.97574096e-19  8.77972259e-27  4.38836657e-11  3.40098419e-11]]\n",
      "[[1.]]\n",
      "psi_mpo:  [-0.00246487 -0.00473759 -0.00517302 -0.00227187  0.00067385 -0.00620105\n",
      "  0.0062013  -0.0006736   0.03176911 -0.04047084 -0.01770645  0.02167888\n",
      "  0.02020004 -0.02175389 -0.00518967  0.01285801]\n",
      "overlap:  -5.561914905027887e-08\n",
      "---------------------------------------------------\n",
      "20\n",
      "[[ 1.89827475e-16  1.00000000e+00  2.58770667e-16 -3.43150215e-16]\n",
      " [ 6.51643011e-09 -5.10897262e-25  9.97945105e-10 -1.28767110e-09]\n",
      " [ 4.37121331e-11  3.97774818e-26 -1.07107259e-10  1.38202911e-10]\n",
      " [ 1.97574096e-19  8.77972259e-27  4.38836657e-11  3.40098419e-11]]\n",
      "[[1.]]\n",
      "psi_mpo:  [ 0.12844561  0.09024532  0.07746966  0.13410837 -0.01979083  0.18216083\n",
      " -0.18216084  0.01979083  1.74604997 -1.86251928 -1.19460619  1.44999999\n",
      "  1.04465797 -1.26975613 -0.78375737  0.82924084]\n",
      "overlap:  9.723253036053592e-10\n",
      "---------------------------------------------------\n",
      "20\n",
      "[[ 1.89827475e-16  1.00000000e+00  2.58770667e-16 -3.43150215e-16]\n",
      " [ 6.51643011e-09 -5.10897262e-25  9.97945105e-10 -1.28767110e-09]\n",
      " [ 4.37121331e-11  3.97774818e-26 -1.07107259e-10  1.38202911e-10]\n",
      " [ 1.97574096e-19  8.77972259e-27  4.38836657e-11  3.40098419e-11]]\n",
      "[[1.]]\n",
      "psi_mpo:  [-0.57509537 -0.42978982 -0.41303095 -0.58252367  0.09201306 -0.84691627\n",
      "  0.84691627 -0.09201306  0.08205675 -0.16110458 -1.03726011  0.47040941\n",
      "  0.59016209  0.00484908 -0.63267474  0.87274213]\n",
      "overlap:  2.6712482226187717e-10\n",
      "---------------------------------------------------\n",
      "20\n",
      "[[ 1.89827475e-16  1.00000000e+00  2.58770667e-16 -3.43150215e-16]\n",
      " [ 6.51643011e-09 -5.10897262e-25  9.97945105e-10 -1.28767110e-09]\n",
      " [ 4.37121331e-11  3.97774818e-26 -1.07107259e-10  1.38202911e-10]\n",
      " [ 1.97574096e-19  8.77972259e-27  4.38836657e-11  3.40098419e-11]]\n",
      "[[1.]]\n",
      "psi_mpo:  [ 0.58856159  0.43840684  0.41889525  0.59721002 -0.09397406  0.86496597\n",
      " -0.86496597  0.09397406  0.37851162 -0.33264287  0.68742499 -0.07362964\n",
      " -0.29552767 -0.33753273  0.40470713 -0.6245227 ]\n",
      "overlap:  9.488806962387741e-11\n",
      "---------------------------------------------------\n",
      "20\n",
      "[[ 1.89827475e-16  1.00000000e+00  2.58770667e-16 -3.43150215e-16]\n",
      " [ 6.51643011e-09 -5.10897262e-25  9.97945105e-10 -1.28767110e-09]\n",
      " [ 4.37121331e-11  3.97774818e-26 -1.07107259e-10  1.38202911e-10]\n",
      " [ 1.97574096e-19  8.77972259e-27  4.38836657e-11  3.40098419e-11]]\n",
      "[[1.]]\n",
      "psi_mpo:  [-0.20073904 -0.43800022 -0.46814536 -0.18737732  0.05953141 -0.54794526\n",
      "  0.54794526 -0.05953141  0.08766415 -0.73532813  0.8406629  -0.61088798\n",
      " -0.09241062  0.04332498  1.19007551 -0.60070349]\n",
      "overlap:  5.39818315048457e-10\n",
      "---------------------------------------------------\n",
      "20\n",
      "[[ 1.89827475e-16  1.00000000e+00  2.58770667e-16 -3.43150215e-16]\n",
      " [ 6.51643011e-09 -5.10897262e-25  9.97945105e-10 -1.28767110e-09]\n",
      " [ 4.37121331e-11  3.97774818e-26 -1.07107259e-10  1.38202911e-10]\n",
      " [ 1.97574096e-19  8.77972259e-27  4.38836657e-11  3.40098419e-11]]\n",
      "[[1.]]\n",
      "psi_mpo:  [ 0.02776823  0.02605155  0.03388778  0.02429486 -0.00515174  0.04741788\n",
      " -0.04741793  0.00515168 -1.69799423  1.83012091  1.4204421  -1.51640563\n",
      " -1.15831538  1.21792133  0.91982358 -1.02618466]\n",
      "overlap:  1.5867960327653474e-08\n",
      "---------------------------------------------------\n",
      "20\n",
      "[[ 1.89827475e-16  1.00000000e+00  2.58770667e-16 -3.43150215e-16]\n",
      " [ 6.51643011e-09 -5.10897262e-25  9.97945105e-10 -1.28767110e-09]\n",
      " [ 4.37121331e-11  3.97774818e-26 -1.07107259e-10  1.38202911e-10]\n",
      " [ 1.97574096e-19  8.77972259e-27  4.38836657e-11  3.40098419e-11]]\n",
      "[[1.]]\n",
      "psi_mpo:  [-0.0079507  -0.00259023 -0.00112107 -0.0086019   0.000931   -0.00858009\n",
      "  0.00857795 -0.00093314 -0.1731405   0.19125069  0.11444267 -0.13909563\n",
      " -0.10477833  0.12456592  0.06867751 -0.080006  ]\n",
      "overlap:  5.283816783968609e-07\n",
      "---------------------------------------------------\n",
      "20\n",
      "[[ 1.00000000e+00 -4.44089210e-16]\n",
      " [ 8.27180613e-25  2.94252674e-09]]\n",
      "[[ 1.00000000e+00 -6.06304723e-09]\n",
      " [-6.06304723e-09 -1.00000000e+00]]\n",
      "psi_mpo:  [ 8.85175901e-02 -5.68209450e-01  1.00220327e+00 -5.68209456e-01\n",
      " -1.00220329e+00 -5.68209443e-01 -8.85176124e-02 -5.68209449e-01\n",
      "  4.13539155e-01 -2.54770259e-09  4.13539155e-01 -2.54770024e-09\n",
      "  4.13539155e-01 -2.54769913e-09  4.13539155e-01 -2.54770223e-09]\n",
      "overlap:  3.8966690707464835e-09\n",
      "---------------------------------------------------\n",
      "20\n",
      "[[ 1.00000000e+00 -4.44089210e-16]\n",
      " [ 8.27180613e-25  2.94252674e-09]]\n",
      "[[ 1.00000000e+00 -6.06304723e-09]\n",
      " [-6.06304723e-09 -1.00000000e+00]]\n",
      "psi_mpo:  [-2.00000000e+00  2.19018492e-08 -2.00000000e+00  6.11188994e-09\n",
      " -2.00000000e+00  6.11188998e-09 -2.00000000e+00  2.19018492e-08\n",
      " -1.02990186e-08 -1.26377793e-07 -3.55433087e-11  8.46243382e-08\n",
      " -3.55429206e-11  1.48154316e-07 -1.02990185e-08 -1.06400860e-07]\n",
      "overlap:  0.999999999999873\n",
      "---------------------------------------------------\n",
      "20\n",
      "[[ 1.00000000e+00 -4.44089210e-16]\n",
      " [ 8.27180613e-25  2.94252674e-09]]\n",
      "[[ 1.00000000e+00 -6.06304723e-09]\n",
      " [-6.06304723e-09 -1.00000000e+00]]\n",
      "psi_mpo:  [-0.00026599 -0.01327518 -0.0151435   0.01435268  0.01514146  0.01435268\n",
      "  0.00026395 -0.01327518  0.01710155  0.19186059 -0.00077997 -0.11897865\n",
      " -0.00077997 -0.22989058  0.01710155  0.15700864]\n",
      "overlap:  5.026752451283562e-07\n",
      "---------------------------------------------------\n",
      "20\n",
      "[[ 1.00000000e+00 -4.44089210e-16]\n",
      " [ 8.27180613e-25  2.94252674e-09]]\n",
      "[[ 1.00000000e+00 -6.06304723e-09]\n",
      " [-6.06304723e-09 -1.00000000e+00]]\n",
      "psi_mpo:  [-7.32712868e-04 -6.43191758e-02  6.04600087e-02  8.68862560e-02\n",
      " -6.04600639e-02  8.68862567e-02  7.32655737e-04 -6.43191758e-02\n",
      " -7.70960083e-03  2.02123248e+00 -1.05573976e-01 -1.62235441e+00\n",
      " -1.05573980e-01 -2.22936812e+00 -7.70960200e-03  1.83049005e+00]\n",
      "overlap:  1.4689093367006856e-08\n",
      "---------------------------------------------------\n",
      "20\n",
      "[[ 1.00000000e+00 -4.44089210e-16]\n",
      " [ 8.27180613e-25  2.94252674e-09]]\n",
      "[[ 1.00000000e+00 -6.06304723e-09]\n",
      " [-6.06304723e-09 -1.00000000e+00]]\n",
      "psi_mpo:  [ 8.85157355e-02 -5.68159145e-01  1.00226659e+00 -5.68219694e-01\n",
      " -1.00226659e+00 -5.68219682e-01 -8.85157419e-02 -5.68159144e-01\n",
      "  4.13445535e-01 -5.35415397e-06  4.13484720e-01 -1.54362909e-04\n",
      "  4.13484720e-01  8.86871892e-05  4.13445535e-01  7.10196847e-05]\n",
      "overlap:  -1.755481870979736e-11\n",
      "---------------------------------------------------\n",
      "20\n",
      "[[ 1.00000000e+00 -4.44089210e-16]\n",
      " [ 8.27180613e-25  2.94252674e-09]]\n",
      "[[ 1.00000000e+00 -6.06304723e-09]\n",
      " [-6.06304723e-09 -1.00000000e+00]]\n",
      "psi_mpo:  [-0.00040261  0.0158817  -0.00455891 -0.01071274  0.00455895 -0.01071274\n",
      "  0.00040264  0.0158817  -0.01048703  0.004861    0.00672563 -0.07501679\n",
      "  0.00672563  0.03174648 -0.01048703  0.03840931]\n",
      "overlap:  -1.6277995099848314e-09\n",
      "---------------------------------------------------\n",
      "20\n",
      "[[ 1.00000000e+00 -4.44089210e-16]\n",
      " [ 8.27180613e-25  2.94252674e-09]]\n",
      "[[ 1.00000000e+00 -6.06304723e-09]\n",
      " [-6.06304723e-09 -1.00000000e+00]]\n",
      "psi_mpo:  [ 8.91674759e-06  2.77836222e-01  1.01458095e-04 -2.77951314e-01\n",
      " -1.01561181e-04 -2.77951314e-01 -9.01301421e-06  2.77836222e-01\n",
      " -1.79818682e-01  5.54659392e-01  1.79902425e-01 -2.02082007e+00\n",
      "  1.79902439e-01  2.10387148e-01 -1.79818678e-01  1.25577353e+00]\n",
      "overlap:  2.46372075792957e-08\n",
      "---------------------------------------------------\n",
      "20\n",
      "[[ 1.00000000e+00 -4.44089210e-16]\n",
      " [ 8.27180613e-25  2.94252674e-09]]\n",
      "[[ 1.00000000e+00 -6.06304723e-09]\n",
      " [-6.06304723e-09 -1.00000000e+00]]\n",
      "psi_mpo:  [-2.12329000e-06 -1.41214940e-01 -1.54979560e-05  1.41231576e-01\n",
      "  1.38464059e-05  1.41231576e-01  4.68274337e-07 -1.41214940e-01\n",
      "  9.13975725e-02  1.96143785e+00 -9.14096734e-02 -1.21634742e+00\n",
      " -9.14096803e-02 -2.35022802e+00  9.13975703e-02  1.60513758e+00]\n",
      "overlap:  4.133151532145011e-07\n",
      "---------------------------------------------------\n",
      "20\n",
      "[[1.]]\n",
      "[[-1.08780520e-09  1.00000000e+00 -6.22185938e-12 -1.94680710e-09]\n",
      " [ 9.52189364e-01  1.03946539e-09 -3.05495057e-01  2.86098091e-03]\n",
      " [-3.03513921e-01 -5.40894065e-10 -9.46999783e-01 -1.05217443e-01]\n",
      " [-3.48527572e-02  1.89746201e-09 -9.93185830e-02  9.94445124e-01]]\n",
      "psi_mpo:  [-7.29099014e-01  9.58866215e-01 -8.62947887e-15  6.25881710e-15\n",
      " -7.29099013e-01 -1.31927402e-01  1.36358563e-15  6.32181651e-15\n",
      " -7.29099013e-01  1.31927401e-01 -1.04967929e-15  6.28503800e-15\n",
      " -7.29099012e-01 -9.58866216e-01  8.91002159e-15  6.38955874e-15]\n",
      "overlap:  -1.3706109667381876e-11\n",
      "---------------------------------------------------\n",
      "20\n",
      "[[1.]]\n",
      "[[-1.08780520e-09  1.00000000e+00 -6.22185938e-12 -1.94680710e-09]\n",
      " [ 9.52189364e-01  1.03946539e-09 -3.05495057e-01  2.86098091e-03]\n",
      " [-3.03513921e-01 -5.40894065e-10 -9.46999783e-01 -1.05217443e-01]\n",
      " [-3.48527572e-02  1.89746201e-09 -9.93185830e-02  9.94445124e-01]]\n",
      "psi_mpo:  [-1.15059398e-09  1.99999964e+00 -3.88818953e-06 -1.61932904e-06\n",
      "  4.45167945e-06  1.99999964e+00 -2.98721423e-06  2.06266759e-08\n",
      "  4.45167945e-06  1.99999964e+00 -2.99258069e-06 -1.66178574e-06\n",
      " -1.15059398e-09  1.99999964e+00 -3.87248438e-06  3.30431664e-06]\n",
      "overlap:  -0.9999998199206708\n",
      "---------------------------------------------------\n",
      "20\n",
      "[[1.]]\n",
      "[[-1.08780520e-09  1.00000000e+00 -6.22185938e-12 -1.94680710e-09]\n",
      " [ 9.52189364e-01  1.03946539e-09 -3.05495057e-01  2.86098091e-03]\n",
      " [-3.03513921e-01 -5.40894065e-10 -9.46999783e-01 -1.05217443e-01]\n",
      " [-3.48527572e-02  1.89746201e-09 -9.93185830e-02  9.94445124e-01]]\n",
      "psi_mpo:  [-0.00068276  0.00087575  0.00710053  0.00252916 -0.00717525  0.00124493\n",
      "  0.00578586 -0.00020727 -0.00717525  0.00115563  0.00579369  0.00224564\n",
      " -0.00068276  0.00152481  0.00707763 -0.00464969]\n",
      "overlap:  -0.0006001318692445836\n",
      "---------------------------------------------------\n",
      "20\n",
      "[[1.]]\n",
      "[[-1.08780520e-09  1.00000000e+00 -6.22185938e-12 -1.94680710e-09]\n",
      " [ 9.52189364e-01  1.03946539e-09 -3.05495057e-01  2.86098091e-03]\n",
      " [-3.03513921e-01 -5.40894065e-10 -9.46999783e-01 -1.05217443e-01]\n",
      " [-3.48527572e-02  1.89746201e-09 -9.93185830e-02  9.94445124e-01]]\n",
      "psi_mpo:  [ 0.6268692   0.35177878 -0.6966633   0.18468885 -0.15550284 -0.04839882\n",
      " -0.85428887  0.10500887 -0.15550284  0.04840122 -0.85334602  0.40059487\n",
      "  0.6268692  -0.35177638 -0.69942269 -0.68039253]\n",
      "overlap:  -5.993770352973816e-07\n",
      "---------------------------------------------------\n",
      "20\n",
      "[[1.]]\n",
      "[[-1.08780520e-09  1.00000000e+00 -6.22185938e-12 -1.94680710e-09]\n",
      " [ 9.52189364e-01  1.03946539e-09 -3.05495057e-01  2.86098091e-03]\n",
      " [-3.03513921e-01 -5.40894065e-10 -9.46999783e-01 -1.05217443e-01]\n",
      " [-3.48527572e-02  1.89746201e-09 -9.93185830e-02  9.94445124e-01]]\n",
      "psi_mpo:  [-7.29106355e-01  9.58847225e-01  3.42231190e-05  2.86639589e-06\n",
      " -7.29107072e-01 -1.31924790e-01  3.40605761e-05 -2.82293146e-06\n",
      " -7.29107072e-01  1.31924788e-01  3.40614412e-05 -2.55171772e-06\n",
      " -7.29106353e-01 -9.58847226e-01  3.42205872e-05  2.07264398e-06]\n",
      "overlap:  -1.434945046954264e-11\n",
      "---------------------------------------------------\n",
      "20\n",
      "[[1.]]\n",
      "[[-1.08780520e-09  1.00000000e+00 -6.22185938e-12 -1.94680710e-09]\n",
      " [ 9.52189364e-01  1.03946539e-09 -3.05495057e-01  2.86098091e-03]\n",
      " [-3.03513921e-01 -5.40894065e-10 -9.46999783e-01 -1.05217443e-01]\n",
      " [-3.48527572e-02  1.89746201e-09 -9.93185830e-02  9.94445124e-01]]\n",
      "psi_mpo:  [ 2.23834833e-03 -2.59477415e-03  6.33192861e-05  3.15180379e-03\n",
      "  1.70780727e-03  3.57027009e-04 -6.28881546e-05 -2.95871049e-03\n",
      "  1.70780727e-03 -3.56991577e-04 -6.22487952e-05 -2.75826812e-03\n",
      "  2.23834832e-03  2.59480959e-03  6.14480952e-05  2.56517599e-03]\n",
      "overlap:  -1.7546398238852432e-09\n",
      "---------------------------------------------------\n",
      "20\n",
      "[[1.]]\n",
      "[[-1.08780520e-09  1.00000000e+00 -6.22185938e-12 -1.94680710e-09]\n",
      " [ 9.52189364e-01  1.03946539e-09 -3.05495057e-01  2.86098091e-03]\n",
      " [-3.03513921e-01 -5.40894065e-10 -9.46999783e-01 -1.05217443e-01]\n",
      " [-3.48527572e-02  1.89746201e-09 -9.93185830e-02  9.94445124e-01]]\n",
      "psi_mpo:  [ 9.21119904e-02  2.39253203e-06  2.51857168e-02  2.08710585e+00\n",
      " -9.21158061e-02 -4.61923828e-07 -2.49718429e-02 -2.02005534e+00\n",
      " -9.21158061e-02  2.28491367e-07 -2.47498285e-02 -1.95045270e+00\n",
      "  9.21119904e-02 -2.62554059e-06  2.45359549e-02  1.88340220e+00]\n",
      "overlap:  5.8344757053564454e-08\n",
      "---------------------------------------------------\n",
      "20\n",
      "[[1.]]\n",
      "[[-1.08780520e-09  1.00000000e+00 -6.22185938e-12 -1.94680710e-09]\n",
      " [ 9.52189364e-01  1.03946539e-09 -3.05495057e-01  2.86098091e-03]\n",
      " [-3.03513921e-01 -5.40894065e-10 -9.46999783e-01 -1.05217443e-01]\n",
      " [-3.48527572e-02  1.89746201e-09 -9.93185830e-02  9.94445124e-01]]\n",
      "psi_mpo:  [-7.56208148e-01 -6.00039184e-06 -1.54002829e-01 -5.93834044e-01\n",
      "  7.56208376e-01 -5.82897488e-06  1.52247033e-01  4.33835147e-02\n",
      "  7.56208376e-01 -5.86989358e-06  1.50424408e-01 -5.28018760e-01\n",
      " -7.56208148e-01 -5.70195662e-06 -1.48668614e-01  1.07846929e+00]\n",
      "overlap:  2.9252035480293604e-06\n",
      "---------------------------------------------------\n",
      "20\n",
      "[[1.]]\n",
      "[[-1.08780520e-09  1.00000000e+00 -6.22185938e-12 -1.94680710e-09]\n",
      " [ 9.52189364e-01  1.03946539e-09 -3.05495057e-01  2.86098091e-03]\n",
      " [-3.03513921e-01 -5.40894065e-10 -9.46999783e-01 -1.05217443e-01]\n",
      " [-3.48527572e-02  1.89746201e-09 -9.93185830e-02  9.94445124e-01]]\n",
      "psi_mpo:  [-7.29109384e-01  9.58850736e-01  3.41415559e-05 -1.08902725e-07\n",
      " -7.29109383e-01 -1.31925273e-01  3.41415559e-05 -1.08902725e-07\n",
      " -7.29109383e-01  1.31925271e-01  3.41415559e-05 -1.08902725e-07\n",
      " -7.29109382e-01 -9.58850737e-01  3.41415559e-05 -1.08902725e-07]\n",
      "overlap:  -9.904439910357137e-12\n",
      "---------------------------------------------------\n",
      "20\n",
      "[[1.]]\n",
      "[[-1.08780520e-09  1.00000000e+00 -6.22185938e-12 -1.94680710e-09]\n",
      " [ 9.52189364e-01  1.03946539e-09 -3.05495057e-01  2.86098091e-03]\n",
      " [-3.03513921e-01 -5.40894065e-10 -9.46999783e-01 -1.05217443e-01]\n",
      " [-3.48527572e-02  1.89746201e-09 -9.93185830e-02  9.94445124e-01]]\n",
      "psi_mpo:  [ 1.21995690e-04  1.99959785e+00 -3.12435273e-05  4.33664107e-05\n",
      " -3.48573930e-05  1.99959785e+00 -4.93122526e-05 -1.06437315e-05\n",
      " -3.48573930e-05  1.99959785e+00 -4.92048439e-05  2.30294405e-05\n",
      "  1.21995690e-04  1.99959785e+00 -3.15580484e-05 -5.52375549e-05]\n",
      "overlap:  -0.9997989256314856\n",
      "---------------------------------------------------\n",
      "20\n",
      "[[1.]]\n",
      "[[-1.08780520e-09  1.00000000e+00 -6.22185938e-12 -1.94680710e-09]\n",
      " [ 9.52189364e-01  1.03946539e-09 -3.05495057e-01  2.86098091e-03]\n",
      " [-3.03513921e-01 -5.40894065e-10 -9.46999783e-01 -1.05217443e-01]\n",
      " [-3.48527572e-02  1.89746201e-09 -9.93185830e-02  9.94445124e-01]]\n",
      "psi_mpo:  [-0.00572093  0.03991532  0.00186574 -0.00193105  0.00112161  0.04013139\n",
      "  0.00265421  0.00050036  0.00112161  0.04007912  0.00264952 -0.0009686\n",
      " -0.00572093  0.04029519  0.00187946  0.00237044]\n",
      "overlap:  -0.02005263443106731\n",
      "---------------------------------------------------\n",
      "20\n",
      "[[1.]]\n",
      "[[-1.08780520e-09  1.00000000e+00 -6.22185938e-12 -1.94680710e-09]\n",
      " [ 9.52189364e-01  1.03946539e-09 -3.05495057e-01  2.86098091e-03]\n",
      " [-3.03513921e-01 -5.40894065e-10 -9.46999783e-01 -1.05217443e-01]\n",
      " [-3.48527572e-02  1.89746201e-09 -9.93185830e-02  9.94445124e-01]]\n",
      "psi_mpo:  [-0.4809677   0.36098821 -0.56148776 -0.35723233  0.96461733 -0.0496387\n",
      " -0.39521617  0.06107453  0.96461733  0.04968873 -0.39620607 -0.24926394\n",
      " -0.4809677  -0.36093818 -0.55858908  0.55151893]\n",
      "overlap:  -1.2506069445889674e-05\n",
      "---------------------------------------------------\n",
      "20\n",
      "[[1.]]\n",
      "[[-1.08780520e-09  1.00000000e+00 -6.22185938e-12 -1.94680710e-09]\n",
      " [ 9.52189364e-01  1.03946539e-09 -3.05495057e-01  2.86098091e-03]\n",
      " [-3.03513921e-01 -5.40894065e-10 -9.46999783e-01 -1.05217443e-01]\n",
      " [-3.48527572e-02  1.89746201e-09 -9.93185830e-02  9.94445124e-01]]\n",
      "psi_mpo:  [-7.29112106e-01  9.58844124e-01  4.12985384e-05 -4.96470532e-07\n",
      " -7.29112077e-01 -1.31924363e-01  4.13041037e-05  2.27080387e-07\n",
      " -7.29112077e-01  1.31924362e-01  4.13040842e-05  2.20951503e-07\n",
      " -7.29112104e-01 -9.58844126e-01  4.12985957e-05 -4.78523575e-07]\n",
      "overlap:  -6.731016432775278e-12\n",
      "---------------------------------------------------\n",
      "20\n",
      "[[1.]]\n",
      "[[-1.08780520e-09  1.00000000e+00 -6.22185938e-12 -1.94680710e-09]\n",
      " [ 9.52189364e-01  1.03946539e-09 -3.05495057e-01  2.86098091e-03]\n",
      " [-3.03513921e-01 -5.40894065e-10 -9.46999783e-01 -1.05217443e-01]\n",
      " [-3.48527572e-02  1.89746201e-09 -9.93185830e-02  9.94445124e-01]]\n",
      "psi_mpo:  [ 1.13713185e-03 -1.51913979e-03 -4.30631485e-06 -6.84974459e-04\n",
      "  1.17317107e-03  2.08993408e-04  4.15165164e-06  6.77515499e-04\n",
      "  1.17317107e-03 -2.09029064e-04  4.12697291e-06  6.69778593e-04\n",
      "  1.13713185e-03  1.51910413e-03 -4.23404916e-06 -6.62318799e-04]\n",
      "overlap:  1.812034024779057e-09\n",
      "---------------------------------------------------\n",
      "20\n",
      "[[1.]]\n",
      "[[-1.08780520e-09  1.00000000e+00 -6.22185938e-12 -1.94680710e-09]\n",
      " [ 9.52189364e-01  1.03946539e-09 -3.05495057e-01  2.86098091e-03]\n",
      " [-3.03513921e-01 -5.40894065e-10 -9.46999783e-01 -1.05217443e-01]\n",
      " [-3.48527572e-02  1.89746201e-09 -9.93185830e-02  9.94445124e-01]]\n",
      "psi_mpo:  [-2.67374116e-02 -5.22484167e-07 -9.48085412e-03 -2.01590590e+00\n",
      "  2.67368922e-02 -9.10716679e-07  9.44555007e-03  2.00483782e+00\n",
      "  2.67368922e-02 -8.16809794e-07  9.40893225e-03  1.99335794e+00\n",
      " -2.67374116e-02 -1.20516535e-06 -9.37362766e-03 -1.98228986e+00]\n",
      "overlap:  4.3184514860713397e-07\n",
      "---------------------------------------------------\n",
      "20\n",
      "[[1.]]\n",
      "[[-1.08780520e-09  1.00000000e+00 -6.22185938e-12 -1.94680710e-09]\n",
      " [ 9.52189364e-01  1.03946539e-09 -3.05495057e-01  2.86098091e-03]\n",
      " [-3.03513921e-01 -5.40894065e-10 -9.46999783e-01 -1.05217443e-01]\n",
      " [-3.48527572e-02  1.89746201e-09 -9.93185830e-02  9.94445124e-01]]\n",
      "psi_mpo:  [ 8.99934886e-01 -1.74584452e-04  1.04294147e-01  5.06013024e-01\n",
      " -8.99934867e-01 -1.74591365e-04 -1.03105877e-01 -1.33476975e-01\n",
      " -8.99934867e-01 -1.74588321e-04 -1.01873373e-01  2.52919399e-01\n",
      "  8.99934886e-01 -1.74591093e-04  1.00685055e-01 -6.25455449e-01]\n",
      "overlap:  8.729435354014892e-05\n",
      "---------------------------------------------------\n",
      "20\n",
      "[[ 1.00000000e+00 -1.11022302e-16]\n",
      " [-1.11022302e-16  1.00000000e+00]]\n",
      "[[ 1.00000000e+00 -6.06304723e-09]\n",
      " [-6.06304723e-09 -1.00000000e+00]]\n",
      "psi_mpo:  [ 8.85281894e-02 -5.68232084e-01  1.00224166e+00 -5.68232089e-01\n",
      " -1.00224167e+00 -5.68232077e-01 -8.85281959e-02 -5.68232083e-01\n",
      "  4.13460400e-01 -2.49283692e-09  4.13460400e-01 -2.49283846e-09\n",
      "  4.13460400e-01 -2.49283087e-09  4.13460400e-01 -2.49283276e-09]\n",
      "overlap:  2.2475077354755513e-11\n",
      "---------------------------------------------------\n",
      "20\n",
      "[[ 1.00000000e+00 -1.11022302e-16]\n",
      " [-1.11022302e-16  1.00000000e+00]]\n",
      "[[ 1.00000000e+00 -6.06304723e-09]\n",
      " [-6.06304723e-09 -1.00000000e+00]]\n",
      "psi_mpo:  [-1.63758566e+00  9.07795140e-06 -1.63758515e+00 -8.92623558e-06\n",
      " -1.63758629e+00 -8.92623394e-06 -1.63758577e+00  9.07795203e-06\n",
      " -3.63557320e-03 -2.69530081e-02  3.63599268e-03  8.15183020e-03\n",
      "  3.63599285e-03  3.53172435e-02 -3.63557313e-03 -1.65160656e-02]\n",
      "overlap:  1.3928818667282694\n",
      "---------------------------------------------------\n",
      "20\n",
      "[[ 1.00000000e+00 -1.11022302e-16]\n",
      " [-1.11022302e-16  1.00000000e+00]]\n",
      "[[ 1.00000000e+00 -6.06304723e-09]\n",
      " [-6.06304723e-09 -1.00000000e+00]]\n",
      "psi_mpo:  [ 1.14815902e+00 -3.56530107e-05  1.14815683e+00  3.49735216e-05\n",
      "  1.14816165e+00  3.49735243e-05  1.14815947e+00 -3.56530097e-05\n",
      " -5.94100348e-03 -4.95968490e-02  5.93922875e-03  1.86098380e-02\n",
      "  5.93922902e-03  6.34079232e-02 -5.94100338e-03 -3.24209122e-02]\n",
      "overlap:  0.2447002625964355\n",
      "---------------------------------------------------\n",
      "20\n",
      "[[ 1.00000000e+00 -1.11022302e-16]\n",
      " [-1.11022302e-16  1.00000000e+00]]\n",
      "[[ 1.00000000e+00 -6.06304723e-09]\n",
      " [-6.06304723e-09 -1.00000000e+00]]\n",
      "psi_mpo:  [-6.41916332e-03 -1.67993475e-03 -6.45146760e-03  1.71625232e-03\n",
      " -6.38056542e-03  1.71625237e-03 -6.41286978e-03 -1.67993472e-03\n",
      " -1.31217013e-01 -2.02248630e+00  1.31188004e-01  1.33310799e+00\n",
      "  1.31188010e-01  2.33021211e+00 -1.31217011e-01 -1.64083380e+00]\n",
      "overlap:  -0.0013649768684420027\n",
      "---------------------------------------------------\n",
      "20\n",
      "[[ 1.00000000e+00 -1.11022302e-16]\n",
      " [-1.11022302e-16  1.00000000e+00]]\n",
      "[[ 1.00000000e+00 -6.06304723e-09]\n",
      " [-6.06304723e-09 -1.00000000e+00]]\n",
      "psi_mpo:  [-1.48284696e+00  7.54238450e-07 -1.48282842e+00 -2.03897847e-05\n",
      " -1.48286912e+00 -2.03897858e-05 -1.48285058e+00  7.54237953e-07\n",
      "  2.99531248e-03  1.15811269e-02 -2.97873460e-03  3.96212655e-03\n",
      " -2.97873474e-03 -1.85051877e-02  2.99531243e-03  2.96193429e-03]\n",
      "overlap:  0.07045992467879095\n",
      "---------------------------------------------------\n",
      "20\n",
      "[[ 1.00000000e+00 -1.11022302e-16]\n",
      " [-1.11022302e-16  1.00000000e+00]]\n",
      "[[ 1.00000000e+00 -6.06304723e-09]\n",
      " [-6.06304723e-09 -1.00000000e+00]]\n",
      "psi_mpo:  [ 4.40008480e-04  3.76097634e-03  6.03529693e-04 -3.93432622e-03\n",
      "  2.44538283e-04 -3.93432635e-03  4.08059662e-04  3.76097628e-03\n",
      "  2.97984529e-01 -3.66540736e-01 -2.97838325e-01  1.93181553e+00\n",
      " -2.97838339e-01 -3.32165111e-01  2.97984523e-01 -1.23310968e+00]\n",
      "overlap:  6.190649546131133e-05\n",
      "---------------------------------------------------\n",
      "20\n",
      "[[ 1.00000000e+00 -1.11022302e-16]\n",
      " [-1.11022302e-16  1.00000000e+00]]\n",
      "[[ 1.00000000e+00 -6.06304723e-09]\n",
      " [-6.06304723e-09 -1.00000000e+00]]\n",
      "psi_mpo:  [ 1.45417178e-02 -9.24269919e-04  1.36545103e-02  1.86480405e-03\n",
      "  1.56022681e-02  1.86480409e-03  1.47150605e-02 -9.24269901e-04\n",
      " -1.08411966e-01 -1.89161161e+00  1.07618765e-01  1.32408433e+00\n",
      "  1.07618770e-01  2.14494363e+00 -1.08411964e-01 -1.57741634e+00]\n",
      "overlap:  -0.002232603556076962\n",
      "---------------------------------------------------\n",
      "20\n",
      "[[ 1.00000000e+00 -1.11022302e-16]\n",
      " [-1.11022302e-16  1.00000000e+00]]\n",
      "[[ 1.00000000e+00 -6.06304723e-09]\n",
      " [-6.06304723e-09 -1.00000000e+00]]\n",
      "psi_mpo:  [-1.35759659e-02 -3.10316788e-03 -9.81794269e-03 -8.80736319e-04\n",
      " -1.80682324e-02 -8.80736229e-04 -1.43102092e-02 -3.10316786e-03\n",
      " -8.40814454e-02 -7.17395338e-01  8.74412611e-02  2.66772087e-01\n",
      "  8.74412650e-02  9.18545910e-01 -8.40814439e-02 -4.67922659e-01]\n",
      "overlap:  0.021072979410726403\n",
      "---------------------------------------------------\n",
      "20\n",
      "[[ 1.00000000e+00  5.55111512e-17  0.00000000e+00 -1.06551861e-16]\n",
      " [ 8.32667268e-17  1.00000000e+00  1.66533454e-16  4.12920621e-17]\n",
      " [-2.77555756e-17  1.11022302e-16  1.00000000e+00 -4.16021291e-17]\n",
      " [-3.16666047e-17  4.25423886e-17 -3.85153822e-17  1.00000000e+00]]\n",
      "[[1.]]\n",
      "psi_mpo:  [ 1.38245870e+00  1.39262519e+00  1.38707686e+00  1.38490444e+00\n",
      " -9.38598588e-03 -1.41936525e-02 -1.42997638e-02 -9.33883721e-03\n",
      "  5.36352488e-01  5.09436574e-01  5.23993453e-01  5.29895087e-01\n",
      "  1.11952904e-05  1.11486414e-05  1.11770302e-05  1.11824993e-05]\n",
      "overlap:  -0.18517477972113586\n",
      "---------------------------------------------------\n",
      "20\n",
      "[[ 1.00000000e+00  5.55111512e-17  0.00000000e+00 -1.06551861e-16]\n",
      " [ 8.32667268e-17  1.00000000e+00  1.66533454e-16  4.12920621e-17]\n",
      " [-2.77555756e-17  1.11022302e-16  1.00000000e+00 -4.16021291e-17]\n",
      " [-3.16666047e-17  4.25423886e-17 -3.85153822e-17  1.00000000e+00]]\n",
      "[[1.]]\n",
      "psi_mpo:  [-6.05246141e-02  2.93140649e-01  7.43323330e-01  9.20175459e-01\n",
      " -3.78915978e-03 -2.26759054e-03  1.02940468e-05  1.55857332e-03\n",
      "  8.54659399e-01  3.09371044e-01 -1.84074719e-01 -2.62152400e-01\n",
      " -5.76121488e-01  5.76119134e-01  5.76121523e-01 -5.76116571e-01]\n",
      "overlap:  -1.9281953633152409\n",
      "---------------------------------------------------\n",
      "20\n",
      "[[ 1.00000000e+00  5.55111512e-17  0.00000000e+00 -1.06551861e-16]\n",
      " [ 8.32667268e-17  1.00000000e+00  1.66533454e-16  4.12920621e-17]\n",
      " [-2.77555756e-17  1.11022302e-16  1.00000000e+00 -4.16021291e-17]\n",
      " [-3.16666047e-17  4.25423886e-17 -3.85153822e-17  1.00000000e+00]]\n",
      "[[1.]]\n",
      "psi_mpo:  [ 1.42175858  1.24038666  1.035226    0.94357966 -0.01684117 -0.00570924\n",
      " -0.0058705  -0.01802346  0.18488087  0.43373816  0.56338474  0.57464038\n",
      "  0.21422445 -0.21417685 -0.21417859  0.214221  ]\n",
      "overlap:  -0.4969342420771282\n",
      "---------------------------------------------------\n",
      "20\n",
      "[[ 1.00000000e+00  5.55111512e-17  0.00000000e+00 -1.06551861e-16]\n",
      " [ 8.32667268e-17  1.00000000e+00  1.66533454e-16  4.12920621e-17]\n",
      " [-2.77555756e-17  1.11022302e-16  1.00000000e+00 -4.16021291e-17]\n",
      " [-3.16666047e-17  4.25423886e-17 -3.85153822e-17  1.00000000e+00]]\n",
      "[[1.]]\n",
      "psi_mpo:  [-4.83224185e-01 -4.43970763e-01  2.76807453e-01  9.06207769e-01\n",
      "  5.97196032e-04  3.30216812e-02  2.46461505e-02 -1.97991395e-02\n",
      " -1.09381608e+00  1.56657891e-01  6.72343583e-01  3.61944602e-01\n",
      "  3.35301606e-01 -3.35417935e-01 -3.35405202e-01  3.35329302e-01]\n",
      "overlap:  -0.028538449343947114\n",
      "---------------------------------------------------\n",
      "20\n",
      "[[ 1.00000000e+00  5.55111512e-17  0.00000000e+00 -1.06551861e-16]\n",
      " [ 8.32667268e-17  1.00000000e+00  1.66533454e-16  4.12920621e-17]\n",
      " [-2.77555756e-17  1.11022302e-16  1.00000000e+00 -4.16021291e-17]\n",
      " [-3.16666047e-17  4.25423886e-17 -3.85153822e-17  1.00000000e+00]]\n",
      "[[1.]]\n",
      "psi_mpo:  [ 1.96304707  1.80033603  1.50009627  1.32865611 -0.01604183 -0.01865187\n",
      " -0.01811001 -0.01486402  0.52017583  0.56537706  0.67062792  0.7389929\n",
      "  0.17974893 -0.17968874 -0.17969186  0.17974231]\n",
      "overlap:  -0.04604193044023136\n",
      "---------------------------------------------------\n",
      "20\n",
      "[[ 1.00000000e+00  5.55111512e-17  0.00000000e+00 -1.06551861e-16]\n",
      " [ 8.32667268e-17  1.00000000e+00  1.66533454e-16  4.12920621e-17]\n",
      " [-2.77555756e-17  1.11022302e-16  1.00000000e+00 -4.16021291e-17]\n",
      " [-3.16666047e-17  4.25423886e-17 -3.85153822e-17  1.00000000e+00]]\n",
      "[[1.]]\n",
      "psi_mpo:  [-1.17063808  0.10596222  0.73210164  0.35233303  0.04015847 -0.01443119\n",
      " -0.02117981  0.02965054  0.94208943 -1.28799804 -0.8972802   1.25091887\n",
      " -0.06454927  0.06443777  0.06444844 -0.0645277 ]\n",
      "overlap:  0.0009834341666054014\n",
      "---------------------------------------------------\n",
      "20\n",
      "[[ 1.00000000e+00  5.55111512e-17  0.00000000e+00 -1.06551861e-16]\n",
      " [ 8.32667268e-17  1.00000000e+00  1.66533454e-16  4.12920621e-17]\n",
      " [-2.77555756e-17  1.11022302e-16  1.00000000e+00 -4.16021291e-17]\n",
      " [-3.16666047e-17  4.25423886e-17 -3.85153822e-17  1.00000000e+00]]\n",
      "[[1.]]\n",
      "psi_mpo:  [ 0.02552743  0.75101518  0.02834624 -1.40406689 -0.00711121 -0.01762334\n",
      " -0.01212833  0.00648678  1.71635449 -1.38124667 -1.58305629  1.02088827\n",
      " -0.03954849  0.03966121  0.03965059 -0.03957151]\n",
      "overlap:  0.01696190086848448\n",
      "---------------------------------------------------\n",
      "20\n",
      "[[ 1.00000000e+00  5.55111512e-17  0.00000000e+00 -1.06551861e-16]\n",
      " [ 8.32667268e-17  1.00000000e+00  1.66533454e-16  4.12920621e-17]\n",
      " [-2.77555756e-17  1.11022302e-16  1.00000000e+00 -4.16021291e-17]\n",
      " [-3.16666047e-17  4.25423886e-17 -3.85153822e-17  1.00000000e+00]]\n",
      "[[1.]]\n",
      "psi_mpo:  [-0.32969894  0.1261571   0.58899912  0.29748928 -0.05128735  0.07030357\n",
      "  0.0661137  -0.06698111 -0.12398918 -0.52852864 -0.32645393  1.23765597\n",
      "  0.36721727 -0.36730384 -0.36729654  0.36723458]\n",
      "overlap:  0.10436429308270834\n",
      "---------------------------------------------------\n",
      "20\n",
      "[[ 1.00000000e+00  5.55111512e-17  0.00000000e+00 -1.06551861e-16]\n",
      " [ 8.32667268e-17  1.00000000e+00  1.66533454e-16  4.12920621e-17]\n",
      " [-2.77555756e-17  1.11022302e-16  1.00000000e+00 -4.16021291e-17]\n",
      " [-3.16666047e-17  4.25423886e-17 -3.85153822e-17  1.00000000e+00]]\n",
      "[[1.]]\n",
      "psi_mpo:  [ 2.06571588  1.81967623  1.41463816  1.20417844 -0.01897063 -0.01961894\n",
      " -0.01807616 -0.0157711   0.53027591  0.61204165  0.6658637   0.65367009\n",
      "  0.17502066 -0.17494266 -0.17494747  0.17501048]\n",
      "overlap:  -0.04698540507205735\n",
      "---------------------------------------------------\n",
      "20\n",
      "[[ 1.00000000e+00  5.55111512e-17  0.00000000e+00 -1.06551861e-16]\n",
      " [ 8.32667268e-17  1.00000000e+00  1.66533454e-16  4.12920621e-17]\n",
      " [-2.77555756e-17  1.11022302e-16  1.00000000e+00 -4.16021291e-17]\n",
      " [-3.16666047e-17  4.25423886e-17 -3.85153822e-17  1.00000000e+00]]\n",
      "[[1.]]\n",
      "psi_mpo:  [ 0.3144121   0.68610107  1.06715626  1.25335915  0.01241751 -0.02362013\n",
      " -0.02261186  0.01709371  0.94777372  0.35022373  0.03244869 -0.07328459\n",
      " -0.51114239  0.51113804  0.51114074 -0.51113735]\n",
      "overlap:  -1.983026907565205\n",
      "---------------------------------------------------\n",
      "20\n",
      "[[ 1.00000000e+00  5.55111512e-17  0.00000000e+00 -1.06551861e-16]\n",
      " [ 8.32667268e-17  1.00000000e+00  1.66533454e-16  4.12920621e-17]\n",
      " [-2.77555756e-17  1.11022302e-16  1.00000000e+00 -4.16021291e-17]\n",
      " [-3.16666047e-17  4.25423886e-17 -3.85153822e-17  1.00000000e+00]]\n",
      "[[1.]]\n",
      "psi_mpo:  [ 0.45385587 -0.05816591  0.03013295 -0.23372538 -0.15855529  0.14551804\n",
      "  0.1544782  -0.15643659 -0.22205944  0.69621215 -0.32517945 -0.076358\n",
      " -0.0198465   0.0199626   0.01995676 -0.0198543 ]\n",
      "overlap:  -0.2529378008168254\n",
      "---------------------------------------------------\n",
      "20\n",
      "[[ 1.00000000e+00  5.55111512e-17  0.00000000e+00 -1.06551861e-16]\n",
      " [ 8.32667268e-17  1.00000000e+00  1.66533454e-16  4.12920621e-17]\n",
      " [-2.77555756e-17  1.11022302e-16  1.00000000e+00 -4.16021291e-17]\n",
      " [-3.16666047e-17  4.25423886e-17 -3.85153822e-17  1.00000000e+00]]\n",
      "[[1.]]\n",
      "psi_mpo:  [-0.0044955  -0.61056309  0.56589989  0.96494541 -0.24926995  0.26749051\n",
      "  0.27291446 -0.26716973 -1.29015865  1.37255501  0.1404687   0.12401086\n",
      "  0.09804639 -0.0982952  -0.09828857  0.09806843]\n",
      "overlap:  -0.019920313032912862\n",
      "---------------------------------------------------\n",
      "20\n",
      "[[ 1.00000000e+00  5.55111512e-17  0.00000000e+00 -1.06551861e-16]\n",
      " [ 8.32667268e-17  1.00000000e+00  1.66533454e-16  4.12920621e-17]\n",
      " [-2.77555756e-17  1.11022302e-16  1.00000000e+00 -4.16021291e-17]\n",
      " [-3.16666047e-17  4.25423886e-17 -3.85153822e-17  1.00000000e+00]]\n",
      "[[1.]]\n",
      "psi_mpo:  [-2.06700404 -1.81887654 -1.41227369 -1.19998401  0.01937216  0.01927028\n",
      "  0.01769849  0.01615294 -0.5290929  -0.61279323 -0.66432052 -0.65334611\n",
      " -0.17572562  0.17564688  0.17565172 -0.17571539]\n",
      "overlap:  0.04453163237136402\n",
      "---------------------------------------------------\n",
      "20\n",
      "[[ 1.00000000e+00  5.55111512e-17  0.00000000e+00 -1.06551861e-16]\n",
      " [ 8.32667268e-17  1.00000000e+00  1.66533454e-16  4.12920621e-17]\n",
      " [-2.77555756e-17  1.11022302e-16  1.00000000e+00 -4.16021291e-17]\n",
      " [-3.16666047e-17  4.25423886e-17 -3.85153822e-17  1.00000000e+00]]\n",
      "[[1.]]\n",
      "psi_mpo:  [ 0.8976449  -0.38513256 -0.90195974 -0.64440788 -0.08721233  0.05977017\n",
      "  0.0706448  -0.07277793 -0.75444763  1.37034746  0.47177176 -1.47928719\n",
      " -0.14617674  0.14650382  0.14649109 -0.1462014 ]\n",
      "overlap:  0.01590108686236491\n",
      "---------------------------------------------------\n",
      "20\n",
      "[[ 1.00000000e+00  5.55111512e-17  0.00000000e+00 -1.06551861e-16]\n",
      " [ 8.32667268e-17  1.00000000e+00  1.66533454e-16  4.12920621e-17]\n",
      " [-2.77555756e-17  1.11022302e-16  1.00000000e+00 -4.16021291e-17]\n",
      " [-3.16666047e-17  4.25423886e-17 -3.85153822e-17  1.00000000e+00]]\n",
      "[[1.]]\n",
      "psi_mpo:  [ 0.12481857 -0.69780847  0.05270237  1.43245304 -0.026225    0.0475362\n",
      "  0.04385848 -0.0394823  -1.73166387  1.54724954  1.5364723  -1.0065404\n",
      "  0.03199401 -0.03229586 -0.03228634  0.03201568]\n",
      "overlap:  -0.01837431134626183\n",
      "---------------------------------------------------\n",
      "20\n",
      "[[ 1.00000000e+00  5.55111512e-17  0.00000000e+00 -1.06551861e-16]\n",
      " [ 8.32667268e-17  1.00000000e+00  1.66533454e-16  4.12920621e-17]\n",
      " [-2.77555756e-17  1.11022302e-16  1.00000000e+00 -4.16021291e-17]\n",
      " [-3.16666047e-17  4.25423886e-17 -3.85153822e-17  1.00000000e+00]]\n",
      "[[1.]]\n",
      "psi_mpo:  [ 0.46605485  0.14077714 -0.55011615 -0.06811201  0.16022003 -0.17062573\n",
      " -0.17500877  0.1688822  -0.20609005  0.10145717  0.95509982 -0.85490206\n",
      "  0.01553297 -0.01528814 -0.01529114  0.01552171]\n",
      "overlap:  -0.15716829215596312\n",
      "---------------------------------------------------\n",
      "20\n",
      "[[ 1.00000000e+00 -1.11022302e-16]\n",
      " [-1.11022302e-16  1.00000000e+00]]\n",
      "[[-0.99281676 -0.11964484]\n",
      " [-0.11964484  0.99281676]]\n",
      "psi_mpo:  [-2.03853964  0.03342644 -1.43420404 -0.24733345 -1.99651684 -0.31509804\n",
      " -1.47618358  0.10119625  0.15827762 -0.06503978 -0.15299804 -0.05066729\n",
      " -0.16677869  0.06368502  0.1444185   0.04996366]\n",
      "overlap:  -0.6467639404063737\n",
      "---------------------------------------------------\n",
      "20\n",
      "[[ 1.00000000e+00 -1.11022302e-16]\n",
      " [-1.11022302e-16  1.00000000e+00]]\n",
